# Per-second row_stroke_rate for the WORK LAPS of the two recordings the
# display cue was chosen against. Read by scripts/cue_replay.py; every figure in
# the CUE_* comment block of source/StrongRowView.mc is derived from this file.
#
# FORMAT
#   ROW <key> <lo> <hi> <label>     starts a row; lo/hi are the target band, spm
#   LAP <v> <v> <v> ...             one work lap, one value per recorded second
#   Lines beginning with # and blank lines are ignored.
#
# A value of 0 is the app's NO-DATA SENTINEL, not a slow stroke: outputRate()
# returns 0.0 when nothing has been measured and drawRate renders it "--.-".
# cue_replay.py treats it as an absence, and cueBandZone maps it to CUEZ_NONE.
#
# PROVENANCE, so this is reproducible from the originals with any FIT decoder:
#   source files   i171679853.fit (calm), i172336333.fit (choppy)
#   values         the 'row_stroke_rate' DEVELOPER FIELD of record messages
#                  (FIT global message 20), in timestamp order
#   lap boundaries lap messages (FIT global 19), start_time (field 2) inclusive
#                  to timestamp (field 253) exclusive
#   work laps      calm  -- total_elapsed_time (field 7) >= 600 s
#                          -> 4 laps, 3522 seconds, 3496 carrying a reading
#                  choppy -- total_elapsed_time within 5 s of 180 s
#                          -> 8 laps, 1442 seconds, 1436 carrying a reading
#   precision      float32 in the file, written here to 4 decimal places with
#                  trailing zeros stripped. That is exact for every band edge
#                  (15, 16, 18, 20) and 1e-4 spm elsewhere, which cannot move a
#                  zone decision.
#
# CROSS-CHECKS a reader can run against the originals in two minutes, all pinned
# by scripts/test_cue_replay.py:
#   choppy work-lap medians  16.5, 15.0, 14.2, 15.2, 13.2, 14.3, 16.1, 16.0 (B2)
#   calm   work-lap medians  20.3, 20.3, 19.2, 21.3                         (B3)
#   choppy peak              37.5 spm, six consecutive seconds at a lap start
#
# NOTHING BUT STROKE RATE IS HERE. No timestamps, no position, no heart rate --
# the file carries only what the cue's decision function consumes.
ROW calm 18 20 4x15' durability, calm water
LAP 25.0001 25.0001 25.0001 25.0001 25.0001 25.0001 28.8461 28.8461 28.8461 28.8461 28.8461 28.8461 28.8461 28.8461 28.8461 24.1936 24.1936 23.4375 23.4375 23.4375 22.7273 22.7273 22.7273 22.7273 22.7273 22.7273 22.7273 22.7273 22.7273 22.7273 22.7273 22.7273 22.7273 22.7273 22.7273 22.7273 23.077 23.077 23.077 23.077 23.077 24.1934 24.1934 24.1934 23.8095 23.8095 23.4375 23.4375 23.4375 23.8095 23.8095 23.8095 23.8095 23.8095 23.8095 23.8095 23.8095 23.8095 23.8095 23.8095 23.8095 23.8095 23.8095 23.8095 23.4374 23.4374 23.4374 22.7273 22.7273 22.7273 22.7271 22.7271 22.0588 22.0588 22.0588 22.0588 22.0588 22.7271 22.7271 22.7271 23.0769 23.0769 23.0769 23.0769 23.0769 23.0769 23.0769 23.0769 22.3879 22.3879 22.3879 22.0588 22.0588 22.0588 22.0588 22.0588 22.3879 22.3879 22.3879 22.3879 22.3879 22.3879 22.3879 22.3881 22.3881 22.3881 22.3881 22.3881 22.3881 21.7393 21.7393 20 20 20 20 21.4287 21.4287 20.5481 20.5481 20.5481 20.5481 20.5481 20.5481 20 20 20 20 20.5481 20.5481 20.2703 20.2703 20.2703 20.2703 20.2703 20.2703 21.1268 21.1268 21.1268 21.7391 21.7391 22.3881 22.3881 22.3881 22.3881 22.3881 22.3881 22.3881 22.3881 22.3881 22.3881 22.3881 22.3881 21.7391 21.7391 21.7391 21.7391 21.7391 20.5481 20.5481 20.5481 20.5481 20.5481 22.3881 22.3881 22.3881 22.3881 22.3881 22.3881 22.3881 22.3881 22.3881 22.3881 22.3881 22.3881 22.3881 22.3881 22.3881 22.3881 22.3881 22.3881 22.3881 22.3881 22.3881 22.3881 22.3881 22.3881 20.2703 20.2703 20.2703 19.7368 19.7368 19.7368 19.7368 19.7368 19.7368 19.7368 19.7368 20.2703 20.2703 20.2703 20.2703 20.2703 20.2703 20.2703 20.2703 20.2703 20.2703 20.2703 20.2703 20.5479 20.5479 20.5479 20.2703 20.2703 20.2703 20.2701 20.2701 20.2701 20.2701 20.2701 20.2701 20.2701 19.737 19.737 19.737 19.737 19.737 19.737 19.737 19.737 19.737 19.737 19.4804 19.4804 18.9873 18.9873 18.9873 18.9873 18.7499 18.7499 18.7499 18.7499 18.7499 18.7499 18.5186 18.5186 18.5186 18.5186 18.5186 18.5186 18.5186 19.4804 19.4804 19.4804 19.7368 19.7368 19.7368 19.7368 19.7368 19.7368 19.7368 19.7368 19.7368 19.737 19.737 19.737 20.5479 20.5479 20.5479 20.5479 20.5479 20.5479 20.5479 20.5479 20.5479 20.5479 20.5479 20.5479 20.5479 20.5479 20.5479 18.9873 18.9873 18.9873 18.9873 19.2306 19.2306 19.2306 18.0724 18.0724 18.0724 17.8572 17.8572 17.8572 17.8572 18.0724 18.0724 18.0724 18.2927 18.2927 18.2927 18.2927 18.2927 18.2927 18.7499 18.7499 18.7499 18.9873 18.9873 18.9873 20.2703 20.2703 20.2703 20.2703 20.2703 20.2703 19.4804 19.4804 19.4804 20.2703 20.2703 20.2703 19.7368 19.7368 19.7368 19.7368 19.7368 19.7368 20.2703 20.2703 20.2703 20.2705 20.2705 20.2705 20.2705 20.2705 20.2705 20.5476 20.5476 20.5476 20.5476 20.5476 20.5476 20.5476 20.5476 18.9875 18.9875 17.8569 17.8569 17.8569 17.8569 17.8569 17.8569 17.8569 17.8569 17.8569 17.8569 17.8569 17.8569 17.8569 17.8569 17.8572 17.8572 17.8572 17.8572 17.8572 17.8572 17.8572 17.8572 17.8572 17.8572 17.8572 17.8572 17.8572 17.8572 17.8572 17.8572 17.8572 18.0722 18.0722 18.0722 18.2925 18.2925 18.2925 18.2925 18.2925 18.2925 18.5186 18.5186 18.5186 18.5186 18.5186 18.5186 18.5186 18.5186 18.5186 18.5186 18.5186 18.5186 19.2308 19.2308 19.2308 20.8333 20.8333 20.8333 20.8333 20.8333 20.8333 20.8333 20.8333 20.8333 20.8333 20.8333 20.8333 20.8333 20.8333 20.8333 20.8333 20.8333 20.8333 20.5481 20.5481 20.5481 21.7391 21.7391 21.7391 21.7391 21.7391 21.7391 21.7391 21.7391 21.7391 21.7391 21.7391 21.7391 21.7391 21.7391 20.5481 20.5481 20.5481 19.737 19.737 19.737 19.737 19.737 19.737 19.737 19.737 19.737 20.8333 20.8333 20.8333 20.8333 20.8333 20.8333 20.8333 20.8333 20.8333 20.5481 20.5481 20.5481 20.5481 18.7499 18.7499 18.7499 18.7499 18.7499 18.7499 18.7499 18.7499 18.7499 18.7499 18.7499 18.7499 18.7499 18.7499 18.7499 18.7499 20.2701 20.2701 20.2701 20.2701 20.2701 20.2701 19.2308 19.2308 20 20 20 20 20 20 20 20 20 20 20 20 20 20 20 20 20 19.737 19.737 19.737 19.737 19.737 19.737 19.4804 19.4804 19.4804 19.4804 19.4804 19.4804 19.4804 19.4804 19.4804 19.4804 19.4804 19.4804 19.4804 19.4804 19.4804 20.2705 20.2705 20.2705 19.4808 19.4808 21.1266 21.1266 21.1266 21.127 21.127 21.127 21.1266 21.1266 21.1266 21.1266 21.1266 21.1266 21.4287 21.4287 21.4287 21.4287 21.4287 21.4287 21.1266 21.1266 21.1266 21.1266 21.1266 21.1266 21.1266 21.1266 21.1266 21.1266 21.1266 21.1266 20 20 21.7395 21.7395 21.7395 21.7395 21.7395 21.7395 21.7391 21.7391 21.7391 20 20 20 20 20 20 20 19.7366 19.7366 19.7366 19.7366 18.2929 18.2929 18.2929 18.2929 18.0726 18.0726 18.0726 18.0726 18.0726 18.0726 18.0726 18.0726 18.2925 18.2925 18.2925 18.2925 21.4287 21.4287 21.4287 21.4287 21.4287 21.4287 21.4287 21.4287 21.4287 21.4287 21.4287 21.4287 21.4287 21.4287 21.4287 20 20 20 20 20 20 19.2308 19.2308 19.2308 18.9875 18.9875 18.9875 18.9875 18.9875 18.9875 18.9875 18.9875 18.9875 18.9875 18.5186 18.5186 18.5186 18.5186 17.4418 17.4418 17.4418 17.4418 17.4418 17.4418 17.4418 17.4418 17.4418 18.2929 18.2929 18.2929 18.7499 18.7499 18.7499 20.2701 20.2701 20.2701 20.2701 20.2701 20.2701 20.2701 20.2701 20 20 20 20 20 20 20 19.737 19.737 19.737 19.7366 19.7366 19.7366 19.4808 19.4808 19.4808 19.2308 19.2308 19.2308 19.2308 19.2308 19.2308 19.2308 19.2308 19.2308 19.2308 19.2308 19.2308 19.2308 19.2308 19.2308 19.2308 19.2308 19.2308 20.5476 20.5476 20.5476 20.5476 20.5476 20.5476 20.5476 19.2308 19.2308 19.2308 20 20 20 20 20 20 20 20 20.8333 20.8333 20.8333 20.8333 20.8333 20.8333 21.7391 21.7391 21.127 21.127 21.127 21.127 21.127 21.127 21.4287 21.4287 21.4287 21.4287 21.127 21.127 21.127 21.127 21.127 21.127 21.127 21.127 21.127 21.4287 21.4287 21.4287 21.127 21.127 21.127 20.2701 20.2701 20.2701 20.2701 20.2701 20.2701 20 20 20 20 20 20 20 20 20 20 20 20 20.2701 20.2701 21.127 21.127 21.127 20.2701 20.2701 20.2701 21.127 21.127 21.127 21.7391 21.7391 21.7391 21.7391 21.7391 21.7391 21.7391 21.7391 21.7391 21.7391 21.7391 21.7391 20.5476 20.5476 20.5476 20.2701 20.2701 20.2701 20.2701 20.2701 20.2701 20.2701 20.2701 20.2701 20.5476 20.5476 20.5481 20.5481 20.5481 21.7391 21.7391 21.7391 21.7391 21.7391 21.7391 21.7391 21.7391 21.7391 21.7391 21.7391 21.7391 21.7391 21.7391 22.3881 22.3881 22.3881 22.3881 22.3881 22.3881 22.3881 22.3881 22.3881 22.3881 20.2705 20.2705 19.7366 19.7366 19.7366 19.7366 19.4804 19.4804 19.4804 19.4804 19.4804 19.4804 19.4804 19.4804 19.737 19.737 19.737 19.737 20 20 20 20.8333 20.8333 20.8333 20.8333 20.8333 20.8333 19.737 19.737 19.737 19.737 19.2308 19.2308 19.2308 19.2308 19.2308 19.2308 19.2308 19.2308 20.8333 20.8333 20.8333 20.8333 20.8333 20.8333 20.8333 20.8333 20.8333 20.8333 19.7366 19.7366 19.7366 19.48 19.48 19.48 19.48 19.48 19.48 18.7503 18.7503 18.7503 19.48 19.48 19.48 18.7503 18.7503 18.7503 19.4808 19.4808 19.4808 19.4808 19.4808 19.4808 19.4808 19.4808
LAP 16.4834 15.5441 15.5441 15.5441 16.4834 16.4834 16.4834 17.6469 17.6469 18.9871 18.9871 24.5895 24.5895 24.5895 25.4226 25.4226 25.4239 25.4239 25.8627 25.8627 25.8627 25.4239 25.4239 25.4226 25.4226 25.4226 25.8613 25.8613 25.001 25.001 25.001 24.9997 24.9997 23.4381 23.4381 23.4381 22.7271 22.7271 22.7271 22.7271 22.7271 22.7271 22.3876 22.3876 22.3876 22.3876 22.3876 22.3876 22.3876 22.3876 21.127 21.127 21.127 21.127 21.127 21.127 20.8333 20.8333 20.8333 20.5485 20.5485 20.5485 20.5485 20.5485 20.5485 20.5485 20.5485 20.8333 20.8333 20.8333 21.7391 21.7391 21.7391 21.7391 21.7391 21.7391 21.7391 21.7391 21.7391 21.1261 21.1261 21.1261 20.8333 20.8333 20.8333 20.8333 20.8333 20.8333 21.1261 21.1261 21.127 21.127 21.127 21.127 21.7391 21.7391 21.7391 21.7391 21.7391 21.7391 21.7391 21.7391 21.4291 21.4291 21.4291 21.4291 21.4291 21.4291 21.4282 21.4282 21.4282 21.4282 18.9871 18.9871 18.9871 18.9871 18.9871 18.9871 18.7503 18.7503 18.7503 18.7503 18.7503 18.7503 18.7503 18.7503 18.7503 18.7503 19.2308 19.2308 19.2308 19.2308 19.2308 20.2705 20.2705 20.2705 20.2705 20.2705 20.2705 20.2705 20.2705 20.2705 20.2705 20.2705 20.2705 19.4808 19.4808 19.4808 19.4808 19.4808 19.4808 19.4808 19.4808 19.4808 19.4808 19.4808 19.4808 20.2705 20.2705 20.2705 20.2705 20.2705 20.2705 20.2705 18.7496 18.7496 18.7496 18.7496 18.7496 18.7496 18.7496 18.7496 18.7496 18.7496 18.2932 18.2932 18.2932 18.7496 18.7496 18.7496 19.23 19.23 19.23 19.2308 19.2308 19.2308 19.2308 19.2308 19.2308 19.7366 19.7366 19.7366 19.7366 19.7366 19.7366 19.7374 19.7374 19.7374 20.2705 20.2705 20.2705 20.2705 20.2705 20.2705 20.2705 20.2705 20.2705 20.2705 20.2705 20.2705 20.2705 20 20 20 20 20 20 20 20 20 20 20.2705 20.2705 20.2705 20.2705 20.2705 20.2705 21.4282 21.4282 20.8333 20.8333 20.8333 20.8333 20.8333 20.8333 20.8333 20.8333 20.8333 20.8333 20.8333 20.8333 20.8333 18.9871 18.9871 18.9871 18.5186 18.5186 18.5186 18.5186 18.5186 18.5186 18.5186 18.5186 20 20 20 20.2697 20.2697 20.2697 20.8333 20.8333 20.8333 20.8333 20.8333 20.8333 20.8333 20.2705 20.2705 20.2705 20.2705 20.2705 20.2705 20.2705 20.2705 20.2705 20.2697 20.2697 20.2697 20.2697 20.2697 20.2697 20.2697 18.5186 18.5186 18.5186 18.5186 18.2932 18.2932 18.2932 18.2932 18.2932 18.2932 18.5186 18.5186 18.5186 19.4808 19.4808 19.4808 20 20 20 20 20 20 20 20 20 20 20 20 19.7366 19.7366 19.7366 19.7366 18.7496 18.7496 18.7496 18.7496 18.7496 18.7496 18.2932 18.2932 18.2932 18.2932 19.7366 19.7366 19.7366 19.7366 17.4422 17.4422 17.4422 17.4422 17.4422 17.4422 17.4422 17.4422 18.5186 18.5186 18.5186 18.5186 18.5186 18.5186 18.5186 18.5186 18.5186 18.5186 18.5186 18.5186 18.5186 18.5186 18.5186 18.5186 18.5186 18.5186 18.2925 18.2925 18.2925 18.2925 18.2925 18.2925 18.5186 18.5186 18.5186 18.5186 18.5186 18.5186 19.2308 19.2308 19.2308 19.2308 19.2308 19.2308 19.2308 19.2308 19.2308 19.2308 19.2308 20.8333 20.8333 20.8333 21.4282 21.4282 21.4282 21.4282 21.4282 21.4282 21.4282 20.8333 20.8333 20.8333 20.2705 20.2705 20.2705 20.2705 20.2705 20.2705 20.2705 20.2705 20.2705 20.2705 20.2705 20.2705 20.2705 20.2705 20.2705 20.2705 20.2705 20.2705 19.4808 19.4808 19.4808 19.2308 19.2308 19.2308 19.23 19.23 19.23 18.9879 18.9879 18.9879 18.9879 18.9879 18.9879 18.9879 18.7496 18.7496 18.7496 18.7496 18.7496 18.7496 18.7496 18.2932 18.2932 18.2932 18.2932 18.2932 18.2932 18.2932 18.2932 18.2932 18.2932 18.0719 18.0719 18.0719 18.0719 18.0719 18.0719 18.0719 18.0719 18.0719 18.0719 18.2925 18.2925 20.8333 20.8333 21.4291 21.4291 23.437 23.437 23.437 23.437 6.9767 6.9767 0 0 20 20 20 20 20 20 20 20 20 0 0 0 0 0 0 0 0 19.4808 19.4808 21.4287 21.4287 21.4287 23.8093 23.8093 23.2557 23.2557 23.2557 23.8093 23.8093 24.5895 24.5895 24.5908 24.5908 26.3155 26.3155 26.7858 26.7858 26.7858 26.7858 26.7858 0 0 0 0 27.2727 27.2727 29.4118 29.4118 29.4118 29.4118 19.48 19.48 22.2216 22.2216 25.8613 25.8613 25.8627 25.8627 27.7789 27.7789 27.7789 27.7789 27.7789 27.7789 27.7789 25.4239 25.4239 25.4239 24.5908 24.5908 24.5908 24.1937 24.1937 23.0761 23.0761 23.0761 23.0761 22.3886 22.3886 21.7391 21.7391 21.7391 21.4282 21.4282 21.4282 21.7391 21.7391 21.7391 21.7391 21.7391 21.7391 21.7391 21.7391 21.7391 20.5476 20.5476 20.5476 21.4291 21.4291 21.4291 21.4291 21.4291 21.4291 20.5476 20.5476 20.5476 20.5476 20.2697 20.2697 21.4291 21.4291 24.1937 24.1937 22.0581 22.0581 22.0581 22.0581 22.0581 22.0581 22.0581 22.0581 22.0581 22.0581 22.0581 22.0581 22.0581 22.0581 22.0581 22.0591 22.0591 22.0591 22.0591 22.0591 22.0591 22.0591 22.0591 22.0591 20.8333 20.8333 20.8333 20.8333 20.8333 20.8333 20.8333 20.8333 20.8333 21.127 21.127 21.127 21.127 21.127 21.127 21.127 21.127 21.127 21.127 21.127 22.0581 22.0581 22.0581 22.0581 22.0581 22.0581 22.0581 22.0581 22.0591 22.0591 22.0591 22.0591 22.0591 22.0591 22.0591 22.0591 22.0591 22.0591 22.0591 22.0591 22.0591 22.0591 22.0591 22.0591 22.0591 21.7391 21.7391 22.3876 22.3876 22.3876 22.3876 22.3876 22.3876 22.3876 22.3876 22.3876 22.3876 22.3876 22.3876 22.3876 22.3876 22.0581 22.0581 22.0581 22.0581 20.5476 20.5476 20.5476 20.5476 20.5476 20.5476 20.5476 20.5476 20.5476 20.5476 20.5476 20.5476 20.2705 20.2705 21.4282 21.4282 21.4282 21.4282 20.2705 20.2705 20.2705 20.2705 20.2705 20.2705 20.2705 20.2705 20.8333 20.8333 20.8333 20.8333 20.2705 20.2705 20.2705 20.2705 20.2705 20.2705 18.7503 18.7503 18.7503 18.7503 18.7503 18.7503 18.7503 18.7503 20.2705 20.2705 20.2705 24.1925 24.1925 24.1925 24.1925 24.1925 24.1925 24.1925 24.1925 24.1925 24.1925 21.4282 21.4282 21.4282 21.4282 21.4282 21.127 21.127 21.127 21.4282 21.4282 21.4282 21.4282 21.4282 21.7391 21.7391 21.7391 21.7391 21.7391 21.7391 21.7391 21.7391 21.7391 21.4282 21.4282 21.4282 21.4282 21.4282 21.4282 20 20 20 19.7366 19.7366 19.7366 19.7366 19.4808 19.4808 19.4808 19.7366 19.7366 19.7366 20 20 20 20.8333 20.8333 20.8333 20.8333 20.8333 20.8333 20.8333 20.8333 20.8333 21.7391 21.7391 21.7391 21.7391 21.7391 21.7391 21.7391 21.7391 21.7391 18.9871 18.9871 21.7391 21.7391 22.0591 22.0591 26.7858 26.7858 26.7858 26.7858 26.7858 26.7858 26.7858 26.7858 22.7282 22.7282 22.7282 22.7282 22.3886 22.3886 22.3886 22.3886 21.4282 21.4282 21.4282 21.4282 20.2705 20.2705 20.2705 20.2705 20.2705 20.2705 19.48 19.48 19.48 19.48 19.48 19.48 19.48 19.48 21.7391 21.7391 21.7391 21.7391 19.48 19.48 19.48 19.7366 19.7366 19.7366 18.5186 18.5186 18.5186 18.5186 18.5186 18.5186 18.5186 18.2939 18.2939 18.5186 18.5186 18.5186 18.5186 18.0719 18.0719 18.0719 18.0719 18.0719 18.0719 17.8566 17.8566 17.8566 19.2316 19.2316 19.2316 19.2316 19.2316 19.2316 20 20 20 20 20 20 20 20 20 20.5468 20.5468 20.5468 20 20 20 19.7366 19.7366 19.7366 19.7366 18.2939 18.2939 18.2939 18.2925 18.2925 18.2925 18.2925 18.0719 18.0719 18.0719 18.0719 17.4409 17.4409 17.4409 17.4409 17.0454 17.0454
LAP 27.2727 14.2857 14.2857 14.2857 14.2857 14.2857 14.2857 11.5829 11.5829 19.7366 19.7366 19.7366 19.7366 19.7366 19.7366 19.7366 19.7366 19.7366 19.7366 19.7366 19.7366 20.8324 20.8324 20.8324 20.2705 20.2705 20.2705 20 20 20 20.2705 20.2705 20.2705 20.2705 20.2705 20.2705 20.2705 20.2705 20.2705 20 20 20 20.5485 20.5485 20.5485 20 20 20.5485 20.5485 20.5485 20.8342 20.8342 20.8342 20.8342 21.1261 21.1261 21.1261 21.1261 20.8342 20.8342 20.8342 20.8342 20.8342 20.8342 19.23 19.23 18.5186 18.5186 18.5186 18.5186 18.5186 18.5186 19.23 19.23 19.23 19.23 20.2705 20.2705 20.2705 20.2705 20.2705 20.2705 20.2705 20.2705 20.2705 20.2705 20.2705 20.2705 20.2705 19.23 19.23 19.23 18.9879 18.9879 18.9879 19.23 19.23 19.23 18.7489 18.7489 18.7489 18.7489 18.7489 18.7489 18.9879 18.9879 18.9879 19.7366 19.7366 19.7366 19.2316 19.2316 19.2316 19.48 19.48 19.48 19.7366 19.7366 19.7366 19.7366 19.48 19.48 19.48 19.2316 19.2316 19.2316 19.23 19.23 19.23 19.23 19.23 19.23 19.23 19.23 19.23 20 20 20 20 20 20 20 20 20 20.5485 20.5485 20.5485 20.5485 20.5485 20.5485 20.5485 19.7366 19.7366 19.7366 18.9879 18.9879 18.9879 18.9879 18.9879 18.9879 18.9879 18.9879 18.9879 18.9879 18.9879 18.9879 18.9879 18.9879 18.9879 18.9879 18.9879 18.9879 18.9879 20 20 20 20 20 20 20 20 20 20 20 20 20 20 20 20 18.7503 18.7503 18.7503 18.7503 18.7489 18.7489 18.7489 18.7489 18.7489 18.7489 18.7489 18.7489 18.7489 19.7366 19.7366 19.7366 19.7366 19.7366 19.7366 20 20 20 20 20 20 20 20 21.1261 21.1261 21.1261 21.1261 21.1261 21.1261 21.1261 21.1261 21.1261 21.1261 21.1261 21.1261 20.5468 20.5468 20.5468 20 20 20 20 20 20 20 20 20 19.7366 19.7366 19.7366 19.7366 19.7366 19.7366 19.7366 19.7366 19.7366 19.7366 19.7366 19.7366 19.7366 19.7366 19.7366 19.7366 19.7366 19.7366 19.7366 19.48 19.48 19.48 19.23 19.23 19.23 19.7366 19.7366 19.7366 20 20 20 19.23 19.23 19.23 19.23 19.23 19.23 19.23 19.23 19.7366 19.7366 19.7366 18.7503 18.7503 18.7503 18.2939 18.2939 18.2939 18.2939 18.2939 18.2939 18.2939 18.5186 18.5186 18.5186 18.5186 18.5186 18.5186 18.5186 18.5186 18.5186 18.5186 18.5186 18.5186 20 20 20 20 20 20 19.7366 19.7366 19.7366 19.7366 20.5468 20.5468 20.5468 19.7366 19.7366 19.7366 19.7366 19.7366 19.7366 18.9879 18.9879 18.9879 19.48 19.48 19.48 19.48 18.9879 18.9879 18.9879 19.48 19.48 19.48 19.48 19.48 19.48 19.4816 19.4816 19.4816 20.2689 20.2689 20.2689 20.2689 20.2689 20.2689 20 20 20 20 20 20 20 20 20 20 20 20 20 20 20 20 20 20 20 19.7366 19.7366 19.7366 18.7503 18.7503 18.7503 18.2925 18.2925 18.2925 18.2925 18.2925 18.2925 18.2925 18.2925 18.2925 18.2925 18.2925 18.2925 18.2925 18.2925 18.2925 18.2925 18.2925 18.7503 18.7503 18.7503 18.9864 18.9864 18.9864 18.9864 18.9864 18.9864 18.9864 18.9864 18.7503 18.7503 18.2925 18.2925 18.2925 18.2925 17.2415 17.2415 17.2415 17.2415 17.0454 17.0454 17.0454 17.0454 17.0454 17.0454 17.2415 17.2415 17.2415 17.2415 18.2925 18.2925 18.9879 18.9879 18.9879 18.9879 18.9879 18.9879 18.9879 19.23 19.23 19.23 19.23 19.23 19.23 19.2316 19.2316 19.2316 19.2316 19.2316 19.2316 19.2316 18.7489 18.7489 18.7489 18.7489 18.5186 18.5186 18.7489 18.7489 18.7489 18.7489 18.5186 18.5186 18.5186 18.7489 18.7489 18.7489 18.5186 18.5186 18.5186 18.5186 18.5186 18.5186 18.5186 18.0732 18.0732 18.0732 18.0732 18.0732 18.0732 18.0732 18.0719 18.0719 18.0719 18.0732 18.0732 18.0732 18.7503 18.7503 18.7503 20.2705 20.2705 20.2705 18.7503 18.7503 20.2705 20.2705 20.2705 20.5468 20.5468 20.5468 20.5468 20.5468 6.5217 6.5217 25.4252 26.3155 26.3155 27.2733 27.2733 26.3155 26.3155 26.3155 26.3155 26.3155 26.3155 22.3886 22.3886 22.3886 22.3886 19.7382 19.7382 19.7382 19.2316 19.2316 19.2316 19.2316 19.2316 19.2316 19.2316 19.2316 19.2316 19.2316 19.2316 19.2316 19.2316 19.48 19.48 19.4816 19.4816 19.4816 19.4816 19.4816 19.4816 19.4816 19.4816 19.7366 19.7366 19.7366 19.7366 19.7366 19.7366 19.7366 19.7366 19.7366 19.7366 19.7366 19.7366 19.7366 19.7366 19.7366 19.7366 19.7366 19.7366 19.48 19.48 19.48 19.48 19.48 19.48 19.48 19.2316 19.2316 19.2316 19.23 19.23 19.23 19.23 19.23 19.23 19.23 19.23 19.23 18.9879 18.9879 18.9879 19.23 19.23 19.23 20 20 20 20 18.9879 18.9879 18.9879 19.2316 19.2316 19.2316 19.2316 19.2316 19.2316 19.2316 19.2316 19.2316 19.23 19.23 19.23 19.23 19.23 19.23 19.23 19.23 19.23 19.7382 19.7382 19.7382 19.4816 19.4816 19.4816 19.4816 19.4816 19.4816 19.4816 19.4816 19.4816 19.4816 19.4816 19.4816 19.4816 18.9864 18.9864 18.9864 18.7503 18.7503 18.7503 18.7503 18.7503 18.7503 18.7503 18.7503 18.7503 18.7503 18.7503 18.7503 18.2925 18.2925 18.2925 18.2925 18.2925 18.2925 17.8566 17.8566 18.2925 18.2925 18.2925 18.2925 18.2925 18.2925 18.2925 18.2925 18.2925 18.2925 18.2925 18.2925 17.2415 17.2415 17.8566 17.8566 17.8566 17.8566 17.8566 17.8566 17.8566 17.2415 17.2415 17.2415 17.2415 17.8566 17.8566 17.8566 18.0719 18.0719 18.0719 18.0719 18.0719 18.0719 18.0719 17.8579 17.8579 17.8579 18.0719 18.0719 18.0719 18.5186 18.5186 18.5186 18.5186 18.5186 18.5186 18.5186 18.5186 18.5186 18.5186 18.5186 18.5186 18.5186 18.2925 18.2925 18.2925 18.2925 18.2925 18.2925 18.2925 18.2925 18.2925 18.2925 18.2925 18.2925 18.2925 18.2925 18.2925 18.2925 18.2925 17.8579 17.8579 17.8579 17.8579 17.8579 17.8579 17.8579 17.8579 17.8579 17.8579 17.8579 17.8579 17.8579 18.5186 18.5186 18.5186 18.7503 18.7503 18.7503 18.5186 18.5186 18.5186 18.5186 18.0732 18.0732 18.0732 18.0732 18.0732 18.0732 18.0732 16.8537 16.8537 16.8537 16.8537 16.8537 16.8537 16.8537 16.8537 16.8537 16.8537 17.6476 17.6476 17.6476 17.6476 19.23 19.23 19.23 19.23 19.23 19.23 18.0732 18.0732 18.0732 18.0732 18.0732 18.0732 18.0732 18.0732 17.6463 17.6463 17.0454 17.0454 17.0454 17.0454 17.0454 16.6673 7.3171 7.3171 7.3171 7.3171 7.3171 7.3171 16.1292 16.1292 16.1292 16.1292 16.1292 16.1292 16.1292 16.1292 16.1292 17.8566 17.8566 17.8566 17.8566 18.2925 18.2925 18.2925 19.48 19.48 19.48 19.48 19.48 19.48 19.48 19.48 19.48 18.9879 18.9879 18.9879 19.48 19.48 19.48 19.48 19.48 19.48 19.48 18.9879 18.9879 18.9879 18.9864 18.9864 18.9864 18.9864 18.9864 18.9864 18.9864 18.0732 18.0732 18.0732 17.8579 17.8579 17.8579 18.0732 18.0732 18.0732 18.0732 18.0732 18.0732 19.2316 19.2316 19.2316 19.2316 19.2316 19.2316 19.2316 19.2316 19.2316 19.2316 18.2939 18.2939 18.2939 18.2925 18.2925 18.2925 18.2925 17.6463 17.6463 17.6463 17.6463 17.6463 18.2925 18.2925 16.8537 16.8537 16.8537 16.8537 16.8537 16.8537 16.8537 16.8537 18.2925 18.2925 18.2925 18.2925 18.2925 18.2925 17.6476 17.6476 18.2925 18.2925 18.2925 18.2925 19.7382 19.7382 19.7382 19.7382 19.23 19.23 19.23 19.2316 19.2316 19.2316 19.2316
LAP 7.0755 7.0755 7.0755 7.0755 11.4943 13.8887 13.8887 13.8887 14.423 14.423 14.423 15 15 20.8324 20.8324 20.8324 20.8324 21.1261 21.1261 21.1261 21.1261 21.1261 21.1261 21.1261 21.1261 21.1261 21.1261 21.1261 21.1261 20.2705 20.2705 20.2705 20.2705 20.2705 20.2705 20.2705 20.2705 20.2705 21.1261 21.1261 21.1261 20.2705 20.2705 21.1261 21.1261 21.1261 21.1261 21.1261 21.1261 21.4282 21.4282 21.4282 21.4282 21.4282 21.4282 21.4282 21.4282 21.4282 21.4282 21.4282 21.1261 21.1261 21.1261 21.1261 21.1261 21.1261 21.1261 21.1261 21.1261 21.4282 21.4282 21.4282 21.4282 21.4282 21.7391 21.7391 21.7391 21.7391 21.7391 21.7391 21.7391 21.7391 21.7391 21.7391 21.7391 21.7391 21.7391 21.7391 21.7391 21.7391 21.7391 20.2705 20.2705 20.2705 21.1261 21.1261 21.1261 21.7391 21.7391 21.7391 21.1261 21.1261 21.1261 20 20 20 21.1261 21.1261 21.1261 20.5485 20.5485 20.5485 20.5485 20.5485 20.5485 20.5485 20.5485 20.5485 20.5485 20.5485 20.5485 20.5485 20.5485 20.5485 20 20 20 20 20 20 20 20 20 20 20 20 19.7382 19.7382 19.7382 19.7382 20 20 20 20 20 20 20 20 20 20 20 20 20 20 20 20 20 20 20 20 20 18.9879 18.9879 18.9879 19.48 19.48 19.48 20.5485 20.5485 20.5485 19.48 19.48 19.48 19.48 18.9879 18.9879 19.48 19.48 19.48 19.48 18.9879 18.9879 18.9879 18.5186 18.5186 18.5186 18.7503 18.7503 18.7503 18.7503 18.7503 18.7503 18.7503 18.7503 18.7503 18.7503 18.9879 18.9879 18.9879 18.9879 18.9879 18.9879 19.48 19.48 19.7366 19.7366 19.7366 19.7366 19.7366 19.7366 20 20 20 21.1261 21.1261 21.1261 20 20 20 20 20 20 21.4282 21.4282 21.4282 21.4282 21.4282 21.4282 20.8342 20.8342 20.8342 20.8342 20.8342 20.8342 20.8324 20.8324 20.8324 20.8324 20.8324 20.8324 20.8324 20.8324 20.8324 20.8324 20.8324 20.8342 20.8342 21.4282 21.4282 21.4282 21.4282 21.4282 21.4282 21.4282 21.4282 21.4282 21.4282 21.1261 21.1261 21.1261 21.1261 20.8342 20.8342 19.48 19.48 19.48 19.48 19.2316 19.2316 19.2316 19.2316 19.2316 18.0719 18.0719 18.0719 18.0719 16.1292 16.1292 16.1292 16.1292 16.1292 16.1292 16.1292 16.1292 16.1292 25 25 25 21.4282 21.4282 21.4282 21.7391 21.7391 21.7391 21.7391 21.7391 21.4282 21.4282 21.4282 21.4282 21.4282 21.4282 21.4282 21.4282 21.4282 21.4282 21.4282 21.4282 20.5485 20.5485 20.5485 20.5485 20.5485 20.5485 18.9879 18.9879 18.9879 20.5485 20.5485 20.5485 20.8324 20.8324 20.8324 20.8324 20.8324 20.8324 20.2705 20.2705 20.2705 20.8324 20.8324 20.8324 20.8324 20.8324 20.8324 20.8324 20.8324 22.7261 22.7261 23.0782 23.0782 23.0782 23.0782 23.0782 23.0782 23.0782 23.0782 23.0782 23.0782 23.0782 23.437 23.437 23.437 23.0782 23.0782 23.0782 22.0591 22.0591 23.4392 23.4392 23.4392 23.4392 22.0591 22.0591 21.7391 21.7391 21.7391 21.7391 20.5468 20.5468 20.2705 20.2705 20.2705 20.2705 20.2705 20.2705 20.2705 20.2705 21.4282 21.4282 21.4282 21.4282 22.0591 22.0591 23.8093 23.8093 23.8093 23.8116 23.8116 24.1914 24.1914 24.1914 24.1914 24.1914 24.1914 23.8116 23.8116 23.8116 21.1279 21.1279 21.1279 20.8324 20.8324 20.8324 20 20 20 20 19.7366 19.7366 20 20 20 20 20 24.5908 24.5908 24.5908 24.5908 24.5908 24.5908 24.5908 24.5908 23.8093 23.8093 23.8093 21.7391 21.7391 21.7391 21.7391 21.7391 21.7391 20.2689 20.2689 20.2689 21.7391 21.7391 21.7391 21.7391 21.7391 21.7391 21.7391 21.7391 21.7391 20 20 20 20 20 20 20 20 20 20 20 20.2705 20.2705 20.2705 20.2705 20.2705 20.2705 21.7391 21.7391 21.7391 21.7391 21.7391 21.7391 21.7391 21.7391 21.7391 20.5485 20.5485 20.5485 20.5485 20.5485 20.5485 20.5485 20.5485 20.5485 20.2689 20.2689 20.2689 20.2689 20.2689 20.2689 20.2689 20.2689 21.1261 21.1261 21.1261 21.1261 21.7391 21.7391 21.7391 21.7391 21.7391 21.7391 21.1261 21.1261 20.5485 20.5485 20.5485 20.5485 20.5485 19.48 19.48 19.48 18.9879 18.9879 19.48 19.48 19.48 19.48 25.001 25.001 26.7858 26.7858 27.7789 27.7789 27.7789 27.7789 31.9127 31.9127 29.4112 29.4112 15.7895 15.7895 29.4112 29.4112 29.4112 29.4112 15.7895 15.7895 15.7895 15.7895 21.7391 21.7391 21.7391 21.7391 21.7391 21.7391 21.7391 21.7391 21.7391 21.7391 21.7391 21.7391 21.7391 21.7391 21.7391 21.7391 21.7391 21.7391 21.7391 21.7391 21.7391 21.7391 21.7391 21.7391 21.7391 21.7391 21.7391 21.7391 21.7391 19.23 19.23 19.23 17.0454 17.0454 17.0454 17.0454 17.0454 17.0454 17.0454 17.0454 17.0454 19.2316 19.2316 19.2316 22.0591 22.0591 22.0591 22.0591 22.0591 22.0591 22.0591 22.0591 22.0591 22.0591 22.3866 22.3866 22.3866 22.3866 22.3866 22.3866 22.3866 22.7282 22.7282 24.1937 24.1937 24.1937 24.1937 24.1937 24.1937 24.1937 24.1937 24.1937 24.1937 23.437 23.437 23.0782 23.0782 23.0761 23.0761 23.0782 23.0782 23.0782 23.0782 23.0782 23.0782 22.3866 22.3866 26.3183 26.3183 27.7789 27.7789 27.7789 26.3183 26.3183 26.3183 26.3183 26.3183 26.3183 26.3183 26.3183 23.0761 23.0761 23.0761 23.0761 23.4392 23.4392 23.4392 23.4392 25.4226 25.4226 25.4226 25.4226 25.4226 25.4226 0 20.3747 20.3747 14.151 14.151 19.8141 19.8141 19.8881 19.8881 25.8613 25.8613 25.8613 25.8613 25.8613 25.8613 23.437 23.437 23.437 23.437 23.437 23.0761 23.0761 23.0761 23.437 23.437 23.437 23.437 23.437 23.0761 23.0761 23.0761 23.0761 23.0761 23.0761 22.7261 22.7261 22.7261 22.7261 21.7391 21.7391 22.7261 22.7261 22.7261 22.7261 28.8451 28.8451 28.8451 28.8451 28.8451 28.8451 28.8451 28.8451 22.7261 22.7261 22.7261 22.061 22.061 22.061 21.741 21.741 21.741 21.741 21.741 21.741 21.741 21.741 23.437 23.437 23.437 23.437 23.437 23.437 23.437 23.437 23.0761 23.0761 23.0761 23.0761 21.4301 21.4301 21.4301 21.4301 22.7261 22.7261 22.7261 22.7261 22.7261 22.7261 22.7261 22.7261 22.7261 22.7261 22.7261 22.7261 22.7261 22.7261 22.7261 20.8342 20.8342 20.8342 20.2672 20.2672 20.2672 20.2672 20.2672 20.2672 18.9893 18.9893 18.9893 18.9893 18.9893 18.9893 19.23 19.23 19.23 19.23 19.23 19.23 19.23 22.3907 22.3907 25.8586 0 0 0 0 0 0 0 0 0 0 18.75 18.75 18.2927 18.2927 18.2927 18.2927 18.2927 18.2927 24.1937 24.1937 24.1937 24.1937 24.1937 24.1937 25.001 25.001 25.4252 25.4252 25.4252 25.4252 25.4252 25.4252 23.437 23.437 23.437 23.437 23.437 23.0761 23.0761 23.0761 23.0761 23.0761 23.0761 0 22.0394 22.0394 22.443 22.443 27.7758 27.7758 27.7758
ROW choppy 16 18 8x3' strength-endurance, choppy water
LAP 25.0879 25.0879 25.0879 25.0879 25.9185 18.5184 18.5184 18.5184 18.4049 18.4049 18.4049 18.5184 18.5184 18.5184 20 20 20 18.7499 18.7499 18.7499 18.7499 18.7499 18.7499 18.7499 18.7499 18.7499 18.7499 18.7499 18.7499 17.2415 17.2415 17.2415 17.2415 15 15 15 15 15 15 15 15 15 15 15 16.6668 16.6668 16.6668 17.2413 17.2413 17.2413 17.2413 17.2413 17.2413 17.2413 16.6668 16.6668 16.6668 16.6668 16.6666 16.6666 16.6666 16.6666 15.9575 15.9575 15.9575 15.9575 15.9575 15.9575 15.9575 16.129 16.129 16.129 16.129 16.129 16.129 16.129 16.129 16.129 16.129 16.129 16.129 16.6666 16.6666 16.6666 16.6666 16.129 16.129 16.129 16.129 15.7895 15.7895 15.7895 15.7895 15.7895 15.7895 15.625 15.625 15.625 15.625 15.625 15.625 15.625 15.625 17.2415 17.2415 17.2415 17.2415 17.2415 17.2415 17.2415 17.2415 16.4836 16.4836 16.4836 16.4836 17.0455 17.0455 17.0455 17.0455 16.4836 16.4836 16.4836 16.4836 15.7894 15.7894 15.7894 16.4836 16.4836 16.4836 16.4836 16.4836 15.7894 15.7894 15.7894 15.7894 15.7894 15.7894 15.7894 16.4836 16.4836 16.4836 16.4836 16.4836 16.4836 16.4836 16.4836 15.9574 15.9574 15.9574 16.4836 16.4836 16.4836 16.4836 16.4836 16.4836 16.4836 16.4836 15.9574 15.9574 15.9574 16.3044 16.3044 16.3044 16.3044 16.3044 16.3044 16.3044 16.3044 16.3044 14.4232 14.4232 14.4232 14.4232 14.4232 14.4232 14.4232 16.3044 16.3044 16.3044 17.2412 17.2412
LAP 32.7225 19.7368 23.8093 23.8093 24.1937 24.1937 24.1937 24.1937 24.1937 24.1937 24.1937 24.1937 24.1937 24.1937 21.127 21.127 19.7366 19.7366 19.7366 19.7366 19.7366 19.7366 19.7366 19.7366 18.5182 18.5182 18.5182 18.5182 18.5182 18.5182 20 20 20 20 6.6667 6.6667 6.6667 6.6667 6.6667 6.6667 14.2857 14.2857 13.7615 13.7615 13.7615 17.4418 17.4418 17.4418 17.4418 17.4418 17.4418 17.4418 17.4418 15 15 15 17.0454 17.0454 17.0454 17.0454 17.0454 17.0454 17.0454 17.0454 15.4639 15.4639 15.4639 15.4639 15.4639 15 15 15 15 15 14.2857 14.2857 14.2857 14.2857 14.2857 13.0435 13.0435 13.0435 13.0435 13.0435 13.0435 13.0435 13.0435 13.0435 6.25 6.25 6.25 6.25 6.25 6.25 12.605 12.605 12.605 14.2857 14.2857 14.2857 14.2857 14.2857 14.2857 14.2857 14.2857 14.2857 14.2857 14.2857 14.2857 16.3044 16.3044 16.3044 16.3044 16.3044 16.3044 16.3044 16.3044 16.3044 16.3044 14.706 14.706 14.706 14.706 15.9577 15.9577 11.5385 11.5385 15 15 15 15 15 15 14.706 14.706 14.706 14.706 15 15 15 15 15 15 15 15 15 15 15 15 15 14.8513 14.8513 14.8513 15.3062 15.3062 15.3062 15.3062 14.8513 14.8513 14.8513 17.6472 17.6472 17.6472 17.6472 15.6249 15.6249 15.6249 15.6249 15.6249 15.6249 15.6249 15.6249 15.6249 15.6249 15.6249 14.8513 14.8513 14.8513 14.8513 14.8513
LAP 0 35.5788 35.5788 35.5788 32.6093 32.6093 32.6093 20 22.7274 22.7274 22.7274 17.4418 17.4418 17.4418 17.4418 17.4418 17.4418 17.4418 17.4418 17.4418 17.4418 17.4418 17.4418 17.4418 17.4418 17.8572 17.8572 17.8572 17.8572 17.8572 17.8572 17.8572 17.8572 17.8572 17.8572 17.8572 17.8572 17.8572 17.8572 17.8572 16.6668 16.6668 16.6668 16.6668 16.6668 16.6668 16.6668 16.6668 16.4834 16.4834 16.4834 16.4834 8.1081 8.1081 8.1081 8.1081 8.1081 8.1081 16.4834 16.4834 20.2701 20.2701 15.4639 15.4639 12.0969 12.0969 12.0969 12.0969 12.0969 12.0969 13.3929 13.3929 13.3929 13.3929 13.3929 13.3929 13.3929 13.3929 13.3929 13.3929 13.3929 13.3929 13.3929 13.3929 13.3929 13.3929 14.0186 14.0186 14.0186 14.0186 14.151 14.151 14.151 14.151 15 15 15 15 15 14.151 14.151 14.151 14.151 14.2859 14.2859 14.2859 14.2859 14.2859 14.151 14.151 14.151 14.151 13.3929 13.3929 13.3929 13.3929 13.3929 13.3929 13.1577 13.1577 13.1577 13.1577 13.1577 13.1577 12.3968 12.3968 12.3968 12.3968 12.3968 11.3636 11.3636 11.3636 11.3636 11.3636 11.3636 11.3636 11.3636 11.3636 11.3636 11.3636 14.7056 14.7056 14.7056 14.7056 14.7056 14.7056 14.7056 14.7056 14.7056 14.7056 14.7056 14.7056 14.7056 14.7056 13.8891 13.8891 13.8891 13.8891 13.8891 13.8891 13.8891 13.8891 13.8891 13.8891 13.8891 13.8891 13.8891 13.8891 13.8891 13.8891 13.8891 13.8891 13.8891 13.7615 13.7615 13.7615 13.7615 14.0186 14.0186 14.0186 14.0186
LAP 37.5 37.5 37.5 37.5 37.5 37.5 16.7594 16.7594 19.7374 19.7374 19.7374 19.7374 19.7374 19.7374 19.7374 19.7374 19.7374 19.48 19.48 19.48 19.48 19.2308 19.2308 19.2308 19.2308 18.7503 18.7503 18.7503 18.7503 17.0454 17.0454 17.0454 17.0454 16.1292 16.1292 16.1292 16.1292 16.1292 16.1292 16.1292 16.4834 16.4834 16.4834 16.4834 16.1292 16.1292 16.1292 16.1292 16.1292 16.1292 16.1292 16.4834 16.4834 16.4834 16.4834 17.2415 17.2415 17.2415 16.1292 16.1292 16.1292 16.1292 16.3041 16.3041 16.3041 16.3041 16.3041 16.3041 16.3041 16.3041 16.3041 16.3041 16.1292 16.1292 16.1292 16.1292 14.5631 14.5631 14.5631 14.5631 14.5631 14.5631 14.5631 14.5631 14.5631 14.5631 14.5631 14.5631 14.5631 14.5631 14.5631 14.5631 14.5631 15.4639 15.4639 15.4639 15.4639 15.4639 15.4639 15.4639 15.4639 15.4639 13.8887 13.8887 13.8887 13.8887 13.8887 13.8887 13.8887 15.1512 15.1512 15.1512 15.1512 15.1512 15.1512 15.1512 15.1512 15.1512 15.1512 15.1512 15.1512 15.1512 15.1512 6.6667 6.6667 15.1512 15.1512 6.6667 6.6667 15.1512 15.1512 12.5002 12.5002 12.5002 12.5002 12.5002 12.4999 12.4999 12.4999 12.4999 12.4999 6.9767 6.9767 6.9767 6.9767 12.4999 12.4999 12.4999 12.4999 12.4999 12.4999 12.4999 12.4999 12.4999 12.4999 12.4999 12.4999 12.4999 12.4999 12.4999 12.4999 12.4999 12.4999 12.4999 11.5386 11.5386 11.5386 11.5386 11.5386 11.5386 11.5386 11.5386 11.5386 6.8182 6.8182 6.8182 6.8182 6.8182 6.8182 6.8182
LAP 0 12.8207 19.355 19.355 19.355 23.8093 23.8093 23.8093 19.737 19.737 19.737 19.737 17.8572 17.8572 17.8572 17.8572 17.8572 17.8572 17.8572 17.8572 16.8542 16.8542 16.8542 16.8542 16.8542 16.8542 16.8542 16.8542 15.9574 15.9574 15.9574 15.9574 15.4639 15.4639 15.4639 15.9574 15.9574 15.9574 15.9574 15.9574 15.9574 15.9574 15.9574 15.9574 15.9574 15.9574 15.9574 14.7056 14.7056 14.7056 14.7056 14.7056 14.7056 14.7056 14.7056 14.7056 14.7056 14.7056 14.7056 14.7056 14.5631 14.5631 14.5631 14.5631 14.5631 13.5137 13.5137 13.5137 13.5137 13.5133 13.5133 13.5133 13.5133 13.5133 13.5133 13.5133 13.5133 13.5133 13.5133 13.1581 13.1581 13.1581 13.1581 13.1581 13.0435 13.0435 13.0435 13.0435 13.0435 13.0435 13.0435 13.0435 13.0435 12.931 12.931 12.931 12.931 12.7119 12.7119 12.7119 12.7119 12.7119 12.931 12.931 12.931 12.931 12.931 12.931 12.931 12.931 12.931 12.931 12.931 12.931 12.931 12.931 12.931 12.7119 12.7119 12.7119 12.7119 12.931 12.931 12.931 12.931 12.931 12.931 12.2951 12.2951 12.2951 6.5217 6.5217 6.5217 6.5789 6.5789 12.2951 12.2951 12.2951 12.2951 12.2951 12.2951 12.2951 12.2951 12.2951 12.2951 12.2951 12.2951 12.2951 12.2951 12.2951 12.2951 12.2951 12.8204 12.8204 12.8204 12.8204 12.8204 12 12 12 12 12.8204 12.8204 12.8204 12.8204 14.151 14.151 14.151 14.151 14.151 14.151 14.151 14.151 14.151 14.151 14.151 14.151 11.8108 11.8108 11.8108
LAP 0 9.434 9.434 15.0752 0 0 0 24.3906 24.3906 24.3906 24.3906 19.7374 19.7374 19.7374 19.7374 19.7374 19.7374 19.7374 17.8572 17.8572 17.8572 17.8572 17.8572 16.3047 16.3047 16.3047 16.3047 16.3047 16.3047 16.3047 16.3047 16.3047 16.3047 16.3047 16.3047 13.7615 13.7615 13.7615 13.7615 13.7615 13.7615 13.7615 13.7615 13.7615 15.1517 15.1517 15.1517 15.1517 14.0186 14.0186 14.0186 14.0186 14.706 14.706 14.706 14.706 14.706 14.706 14.706 14.706 14.0186 14.0186 14.0186 14.0186 14.0186 14.0186 13.8887 13.8887 13.8887 13.8887 13.8887 13.8887 13.8887 13.8887 13.8887 13.8887 13.8887 13.8887 14.5631 14.5631 14.5631 14.5631 14.5631 14.5631 14.5631 14.5631 14.5631 14.5631 14.5631 14.5631 14.5631 14.423 14.423 14.423 14.423 14.2859 14.2859 14.2859 14.2859 14.2859 13.8891 13.8891 13.8891 13.8891 13.8891 13.8891 13.8891 13.8891 14.423 14.423 14.423 14.423 14.423 13.8891 13.8891 13.8891 13.8891 14.0186 14.0186 14.0186 14.0186 14.423 14.423 14.423 14.423 14.423 14.0186 14.0186 14.0186 14.0186 14.0186 12.8207 12.8207 12.8207 12.8207 12.8207 12.8204 12.8204 12.8204 12.8204 12.8204 12.605 12.605 12.605 12.605 12.605 12.605 12.605 12.605 12.605 6.25 6.25 12 12 12 12.605 12.605 12.605 12.605 13.3922 13.3922 13.3922 13.3922 14.5636 14.5636 14.5636 14.5636 14.5636 14.5636 14.5636 14.5636 14.5636 14.5636 14.5636 14.5636 14.5636 14.5636 14.5636 14.5636 6.1224
LAP 20.2705 20.2705 25.8613 25.8613 25.8613 20.5485 20.5485 20.5485 20.5468 20.5468 20.5468 20.5468 20.5468 20.5468 20.5468 20.5468 20.5468 20.5468 20.5468 18.7503 18.7503 18.7503 18.7503 16.1292 16.1292 16.1292 16.1292 16.1292 16.1292 16.1292 16.1292 16.1292 16.1292 18.2925 18.2925 18.2925 18.2925 18.2925 18.2925 18.2925 18.2925 18.2925 18.2925 18.0719 18.0719 18.0719 18.0719 18.0719 17.0454 17.0454 17.0454 16.484 16.484 16.484 16.484 16.484 16.484 16.484 16.484 16.484 16.484 16.484 16.6662 16.6662 16.6662 16.6673 16.6673 16.6673 16.6673 16.6673 16.6673 16.6673 16.6673 16.6662 16.6662 16.6662 16.6662 16.6662 16.6662 16.6662 16.4829 16.4829 16.4829 16.4829 16.1292 16.1292 16.1292 16.1292 16.1292 16.1292 16.1292 16.1292 15.7893 15.7893 15.7893 15.7893 15.7893 15.7893 15.7893 15.4644 15.4644 15.4644 15.4644 15.4644 15.4644 15.4644 15.4644 15.7893 15.7893 15.7893 15.7893 15.7893 15.7893 15.7893 15.7893 15.7893 15.7893 15.7893 15.7893 16.3047 16.3047 16.3047 16.3047 16.3047 16.3047 16.3047 16.3047 16.3047 14.4225 14.4225 14.4225 14.4225 14.0186 14.0186 14.0186 14.0186 14.0186 13.6359 13.6359 13.6359 13.6359 6.6667 6.6667 13.6359 13.6359 14.0186 14.0186 14.0186 14.0186 14.4225 14.4225 14.4225 14.4225 14.7056 14.7056 14.7056 14.7056 14.7056 14.7056 14.7056 14.7056 14.7056 14.4225 14.4225 14.4225 14.4225 14.4225 14.2851 14.2851 14.2851 14.2851 14.2851 14.2851 14.2851 14.2851 14.2851 13.3929 13.3929 13.3929 13.3929
LAP 16.6667 16.6667 16.6667 16.6667 16.6667 19.4816 19.4816 21.7391 21.7391 21.7391 21.7391 21.7391 21.7391 21.1261 21.1261 21.1261 20.2705 20.2705 20.2705 20.2705 20.2705 20.2705 20.2705 19.23 19.23 19.23 18.7503 18.7503 18.7503 18.7503 18.5186 18.5186 18.5186 18.2925 18.2925 18.2925 18.2925 17.6463 17.6463 17.6463 17.6463 17.6463 17.6463 17.6463 17.6463 17.2415 17.2415 16.3047 16.3047 16.3047 16.3047 16.1292 16.1292 16.1292 16.1292 16.1292 15.9574 15.9574 15.9574 15.9574 15.6246 15.6246 15.6246 15.6246 15.6246 15.6246 15.6246 15.6246 15.6246 15.6246 15.6246 15.7903 15.7903 15.7903 16.484 16.484 16.484 16.484 16.484 16.484 16.484 16.484 16.484 16.484 16.484 16.484 16.484 15.4634 15.4634 15.4634 15.4634 14.5636 14.5636 14.5636 14.5636 14.0186 14.0186 14.0186 14.0186 14.0186 14.0186 14.0186 14.0186 14.0186 14.0186 14.0186 14.0186 14.0186 13.8887 13.8887 13.8887 13.8887 13.8887 13.8887 13.8887 13.8887 14.151 14.151 14.151 14.151 14.151 14.151 14.151 15.7893 15.7893 15.7893 15.7893 15.7893 15.7893 15.7893 15.7893 16.6662 16.6662 16.6662 16.6662 16.6662 16.6662 7.3171 7.3171 15.7893 15.6256 15.6256 15.6256 15.6256 15.6246 15.6246 15.6246 15.6246 15.6246 15.6246 15.6246 15.6246 15.4644 15.4644 15.4644 15.4644 15.4644 15.4644 15.4644 15.4644 15.4644 15.4644 15.4644 15.4644 15.4644 15.4644 15.4644 15.4644 16.1292 16.1292 16.1292 16.1292 16.1292 16.1292 16.1292 16.6673 16.6673 16.6673 16.6673 16.6673
